1000
1987
755
979
0,0,6,1,313
0,0,10,1,598
1,0,12,1,161
2,0,2,1,251
2,0,5,1,553
3,0,7,1,189
3,0,7,1,30
3,0,13,1,993
4,0,14,1,298
4,0,5,1,965
5,0,10,1,733
6,0,15,1,690
6,0,1,1,49
6,0,13,1,101
7,0,15,1,172
7,0,6,1,198
7,0,11,1,867
8,0,1,1,931
8,0,5,1,612
9,0,10,1,409
9,0,7,1,988
9,0,11,1,917
10,0,9,1,880
10,0,1,1,876
10,0,4,1,791
11,0,4,1,230
11,0,6,1,927
12,0,2,1,239
12,0,4,1,648
12,0,14,1,701
13,0,3,1,412
14,0,5,1,286
14,0,12,1,877
14,0,1,1,594
15,0,6,1,59
15,0,11,1,298
16,0,7,1,456
16,0,10,1,996
17,0,1,1,79
17,0,4,1,916
18,0,9,1,170
18,0,6,1,97
19,0,15,1,887
19,0,5,1,250
19,0,7,1,324
20,0,8,1,942
20,0,9,1,226
20,0,9,1,418
21,0,10,1,245
22,0,2,1,144
23,0,4,1,794
24,0,8,1,319
25,0,11,1,177
25,0,1,1,273
25,0,7,1,852
26,0,8,1,895
27,0,8,1,726
28,0,9,1,543
28,0,13,1,982
29,0,8,1,904
30,0,13,1,823
30,0,2,1,489
30,0,1,1,333
31,0,15,1,398
32,0,15,1,718
33,0,2,1,161
33,0,7,1,862
33,0,4,1,595
34,0,10,1,286
34,0,15,1,964
35,0,9,1,573
36,0,2,1,214
36,0,12,1,46
37,0,1,1,655
38,0,9,1,948
39,0,12,1,923
39,0,7,1,400
39,0,9,1,770
40,0,2,1,724
41,0,10,1,224
41,0,4,1,112
42,0,4,1,92
43,0,2,1,254
43,0,5,1,574
43,0,1,1,81
44,0,12,1,589
44,0,4,1,502
45,0,4,1,258
46,0,14,1,699
46,0,5,1,653
47,0,8,1,898
47,0,2,1,216
47,0,6,1,290
48,0,6,1,861
49,0,12,1,133
49,0,13,1,477
49,0,1,1,809
50,0,3,1,940
50,0,14,1,132
50,0,5,1,980
51,0,6,1,648
51,0,3,1,426
52,0,2,1,930
53,0,11,1,670
53,0,1,1,571
53,0,1,1,430
54,0,7,1,705
54,0,5,1,612
55,0,9,1,187
55,0,6,1,155
56,0,8,1,358
56,0,1,1,651
57,0,10,1,155
57,0,2,1,979
57,0,10,1,201
58,0,8,1,994
58,0,4,1,605
59,0,6,1,661
60,0,12,1,470
60,0,11,1,442
60,0,3,1,374
61,0,2,1,713
61,0,3,1,484
62,0,8,1,725
62,0,7,1,472
63,0,10,1,441
63,0,7,1,422
64,0,12,1,284
65,0,5,1,784
66,0,15,1,247
67,0,15,1,861
67,0,10,1,914
67,0,13,1,331
68,0,15,1,870
68,0,1,1,680
68,0,10,1,642
69,0,2,1,637
69,0,13,1,186
69,0,8,1,96
70,0,5,1,828
70,0,8,1,495
71,0,14,1,404
71,0,7,1,735
72,0,9,1,480
72,0,10,1,839
73,0,15,1,274
73,0,12,1,330
74,0,5,1,234
74,0,1,1,373
75,0,6,1,595
75,0,11,1,391
76,0,1,1,316
77,0,11,1,174
78,0,8,1,464
78,0,2,1,315
79,0,10,1,321
79,0,8,1,497
80,0,11,1,414
80,0,3,1,122
80,0,3,1,369
81,0,4,1,160
81,0,14,1,142
82,0,4,1,242
82,0,5,1,643
83,0,4,1,259
83,0,11,1,772
83,0,1,1,684
84,0,10,1,87
85,0,14,1,618
85,0,2,1,658
85,0,7,1,481
86,0,8,1,632
87,0,10,1,856
88,0,6,1,609
88,0,3,1,396
88,0,10,1,701
89,0,1,1,696
89,0,7,1,446
90,0,14,1,365
90,0,2,1,138
91,0,7,1,852
91,0,9,1,673
92,0,7,1,610
92,0,9,1,894
92,0,10,1,581
93,0,14,1,937
93,0,5,1,704
94,0,9,1,589
95,0,1,1,284
96,0,8,1,332
97,0,1,1,407
98,0,10,1,542
98,0,13,1,122
99,0,7,1,739
100,0,8,1,536
100,0,4,1,172
101,0,11,1,370
101,0,14,1,647
102,0,5,1,770
102,0,9,1,291
103,0,6,1,867
103,0,7,1,724
103,0,5,1,451
104,0,1,1,712
104,0,4,1,671
104,0,2,1,293
105,0,3,1,849
106,0,12,1,943
106,0,5,1,769
107,0,10,1,429
108,0,3,1,544
108,0,12,1,379
108,0,4,1,782
109,0,15,1,619
110,0,14,1,411
110,0,13,1,389
111,0,1,1,558
111,0,13,1,516
111,0,8,1,773
112,0,10,1,857
112,0,13,1,171
113,0,8,1,282
113,0,14,1,683
114,0,14,1,557
114,0,11,1,943
114,0,12,1,871
115,0,2,1,220
115,0,1,1,709
116,0,4,1,656
116,0,1,1,856
117,0,3,1,260
117,0,8,1,444
117,0,7,1,269
118,0,2,1,369
118,0,5,1,586
118,0,13,1,172
119,0,5,1,351
119,0,5,1,170
119,0,15,1,439
120,0,7,1,758
120,0,13,1,836
121,0,4,1,428
121,0,14,1,567
121,0,14,1,198
122,0,3,1,303
122,0,4,1,896
122,0,11,1,161
123,0,9,1,794
123,0,11,1,856
124,0,13,1,946
124,0,8,1,949
124,0,4,1,297
125,0,2,1,276
126,0,13,1,808
126,0,8,1,624
127,0,3,1,840
128,0,12,1,141
128,0,12,1,421
128,0,10,1,158
129,0,13,1,828
129,0,9,1,787
130,0,6,1,247
130,0,3,1,200
130,0,11,1,491
131,0,12,1,352
131,0,6,1,322
131,0,4,1,249
132,0,2,1,956
132,0,2,1,494
132,0,6,1,375
133,0,14,1,357
133,0,1,1,888
133,0,2,1,297
134,0,5,1,280
135,0,10,1,150
135,0,5,1,548
135,0,11,1,175
136,0,6,1,605
136,0,11,1,269
136,0,11,1,709
137,0,2,1,315
138,0,11,1,523
138,0,15,1,409
139,0,5,1,870
140,0,3,1,905
140,0,7,1,953
141,0,4,1,496
141,0,15,1,392
142,0,10,1,489
142,0,14,1,566
143,0,6,1,857
143,0,1,1,849
143,0,12,1,631
144,0,14,1,247
145,0,15,1,227
146,0,1,1,360
146,0,4,1,939
147,0,7,1,771
147,0,13,1,773
148,0,10,1,251
148,0,14,1,736
149,0,12,1,957
150,0,12,1,904
150,0,5,1,385
151,0,2,1,271
152,0,9,1,209
153,0,8,1,157
153,0,11,1,709
154,0,15,1,724
154,0,6,1,713
155,0,13,1,171
156,0,6,1,932
157,0,6,1,546
157,0,14,1,992
157,0,11,1,929
158,0,14,1,928
159,0,3,1,478
159,0,14,1,853
160,0,10,1,258
161,0,6,1,335
161,0,15,1,355
162,0,13,1,836
162,0,11,1,441
163,0,12,1,601
163,0,8,1,247
164,0,8,1,784
164,0,8,1,379
164,0,2,1,854
165,0,3,1,721
165,0,9,1,860
165,0,13,1,806
166,0,10,1,694
167,0,1,1,264
168,0,11,1,554
169,0,13,1,359
170,0,3,1,258
170,0,5,1,937
171,0,1,1,948
171,0,8,1,740
171,0,15,1,293
172,0,14,1,973
172,0,11,1,529
172,0,13,1,203
173,0,12,1,560
174,0,6,1,305
175,0,15,1,233
175,0,15,1,817
176,0,12,1,561
176,0,13,1,920
176,0,4,1,279
177,0,14,1,983
177,0,12,1,316
177,0,15,1,648
178,0,1,1,444
179,0,12,1,502
179,0,11,1,819
179,0,10,1,593
180,0,7,1,496
180,0,2,1,547
180,0,15,1,284
181,0,1,1,963
182,0,1,1,864
182,0,8,1,906
182,0,10,1,258
183,0,2,1,399
184,0,5,1,882
184,0,11,1,220
184,0,12,1,372
185,0,10,1,878
185,0,3,1,465
185,0,10,1,983
186,0,3,1,615
186,0,15,1,601
186,0,8,1,214
187,0,13,1,309
187,0,1,1,743
187,0,4,1,317
188,0,7,1,759
188,0,9,1,463
188,0,3,1,467
189,0,12,1,705
189,0,7,1,875
189,0,14,1,759
190,0,9,1,795
190,0,3,1,347
191,0,1,1,274
191,0,15,1,633
191,0,10,1,356
192,0,7,1,669
192,0,12,1,621
193,0,7,1,539
193,0,5,1,974
194,0,4,1,584
195,0,8,1,957
195,0,8,1,447
195,0,14,1,276
196,0,13,1,795
196,0,11,1,358
196,0,15,1,740
197,0,7,1,441
198,0,1,1,552
199,0,5,1,623
199,0,12,1,700
200,0,11,1,884
201,0,7,1,716
202,0,14,1,545
202,0,10,1,668
202,0,14,1,411
203,0,3,1,314
203,0,4,1,889
203,0,1,1,689
204,0,10,1,298
205,0,11,1,351
206,0,11,1,448
207,0,1,1,445
207,0,2,1,739
207,0,15,1,224
208,0,3,1,968
208,0,1,1,773
208,0,10,1,718
209,0,10,1,665
209,0,12,1,550
209,0,12,1,965
210,0,10,1,396
211,0,9,1,371
211,0,15,1,927
212,0,2,1,938
212,0,2,1,782
213,0,10,1,873
213,0,4,1,754
213,0,7,1,707
214,0,14,1,302
214,0,1,1,406
214,0,12,1,427
215,0,3,1,429
216,0,9,1,980
216,0,2,1,467
216,0,11,1,512
217,0,4,1,314
218,0,4,1,545
218,0,2,1,921
219,0,3,1,956
219,0,6,1,674
220,0,6,1,812
221,0,14,1,479
222,0,11,1,307
222,0,11,1,241
222,0,2,1,636
223,0,4,1,627
224,0,4,1,367
224,0,1,1,607
225,0,13,1,389
225,0,14,1,458
225,0,4,1,703
226,0,12,1,643
227,0,3,1,886
227,0,11,1,491
227,0,6,1,234
228,0,4,1,668
228,0,4,1,966
229,0,13,1,756
229,0,11,1,738
229,0,6,1,486
230,0,14,1,871
230,0,13,1,624
230,0,5,1,940
231,0,6,1,545
231,0,13,1,807
232,0,8,1,406
233,0,10,1,631
234,0,10,1,592
234,0,3,1,852
235,0,6,1,426
236,0,4,1,406
236,0,5,1,983
237,0,15,1,456
238,0,6,1,729
238,0,6,1,611
238,0,15,1,696
239,0,12,1,540
240,0,15,1,426
240,0,5,1,524
240,0,8,1,720
241,0,15,1,815
241,0,6,1,369
242,0,3,1,337
243,0,3,1,313
243,0,7,1,445
243,0,3,1,385
244,0,10,1,509
244,0,14,1,730
244,0,13,1,587
245,0,9,1,928
246,0,12,1,505
246,0,7,1,882
246,0,14,1,979
247,0,7,1,318
248,0,7,1,417
248,0,1,1,736
248,0,6,1,786
249,0,3,1,694
249,0,3,1,943
250,0,12,1,792
251,0,15,1,730
252,0,11,1,561
252,0,7,1,765
253,0,8,1,678
254,0,14,1,660
254,0,7,1,750
255,0,15,1,501
255,0,12,1,272
255,0,6,1,782
256,0,10,1,443
256,0,5,1,348
257,0,4,1,353
257,0,3,1,433
258,0,2,1,834
259,0,2,1,513
259,0,1,1,974
259,0,5,1,518
260,0,12,1,459
260,0,6,1,470
260,0,3,1,696
261,0,9,1,600
261,0,12,1,641
262,0,15,1,348
262,0,15,1,366
262,0,15,1,584
263,0,13,1,369
263,0,7,1,974
264,0,9,1,269
264,0,3,1,519
264,0,15,1,650
265,0,6,1,611
265,0,2,1,416
265,0,3,1,965
266,0,9,1,862
266,0,13,1,829
266,0,3,1,766
267,0,4,1,825
268,0,13,1,783
268,0,13,1,482
269,0,14,1,963
270,0,8,1,775
271,0,5,1,416
272,0,10,1,575
272,0,9,1,502
273,0,6,1,700
273,0,13,1,563
273,0,12,1,652
274,0,13,1,515
274,0,2,1,625
275,0,12,1,369
275,0,1,1,997
275,0,1,1,552
276,0,15,1,541
276,0,10,1,555
276,0,6,1,711
277,0,12,1,797
278,0,4,1,375
279,0,7,1,330
279,0,10,1,727
280,0,7,1,798
281,0,14,1,527
281,0,5,1,403
281,0,1,1,301
282,0,10,1,523
283,0,15,1,396
283,0,11,1,864
284,0,7,1,821
285,0,6,1,509
285,0,5,1,599
286,0,5,1,839
287,0,14,1,891
287,0,2,1,509
287,0,4,1,741
288,0,10,1,682
288,0,3,1,588
288,0,10,1,394
289,0,15,1,303
289,0,12,1,729
289,0,7,1,942
290,0,12,1,481
290,0,5,1,835
290,0,8,1,606
291,0,8,1,737
291,0,13,1,327
291,0,11,1,572
292,0,14,1,906
292,0,13,1,897
292,0,7,1,528
293,0,7,1,738
293,0,12,1,671
294,0,14,1,805
294,0,10,1,678
294,0,6,1,358
295,0,11,1,530
295,0,13,1,677
296,0,1,1,724
296,0,7,1,692
296,0,1,1,591
297,0,12,1,318
298,0,9,1,303
298,0,10,1,945
299,0,8,1,996
300,0,12,1,793
300,0,14,1,375
300,0,14,1,724
301,0,2,1,487
302,0,11,1,379
303,0,12,1,606
303,0,8,1,405
303,0,1,1,771
304,0,4,1,699
304,0,7,1,651
304,0,6,1,750
305,0,6,1,715
305,0,14,1,314
306,0,6,1,902
307,0,13,1,541
308,0,4,1,817
308,0,8,1,841
309,0,5,1,381
310,0,5,1,606
311,0,11,1,981
312,0,2,1,633
313,0,5,1,947
313,0,7,1,568
314,0,9,1,826
314,0,6,1,659
315,0,8,1,606
316,0,4,1,937
316,0,1,1,506
317,0,12,1,538
318,0,6,1,683
319,0,11,1,365
320,0,11,1,486
320,0,1,1,797
320,0,8,1,914
321,0,12,1,949
321,0,5,1,545
321,0,13,1,345
322,0,4,1,540
323,0,14,1,902
323,0,9,1,951
323,0,6,1,652
324,0,10,1,917
324,0,2,1,983
324,0,15,1,869
325,0,11,1,568
325,0,9,1,683
325,0,10,1,371
326,0,15,1,648
326,0,5,1,394
326,0,12,1,986
327,0,5,1,939
327,0,11,1,822
327,0,7,1,874
328,0,15,1,741
329,0,3,1,401
329,0,12,1,618
329,0,9,1,752
330,0,2,1,776
330,0,5,1,351
331,0,12,1,408
331,0,14,1,895
332,0,2,1,858
332,0,1,1,822
333,0,8,1,800
333,0,11,1,896
334,0,7,1,664
334,0,8,1,968
334,0,12,1,865
335,0,9,1,850
335,0,14,1,785
335,0,11,1,738
336,0,11,1,787
337,0,14,1,865
337,0,9,1,541
338,0,11,1,388
338,0,10,1,802
338,0,13,1,509
339,0,4,1,897
340,0,2,1,664
340,0,5,1,564
340,0,1,1,847
341,0,6,1,541
341,0,7,1,724
342,0,3,1,858
342,0,12,1,852
343,0,5,1,847
343,0,8,1,716
344,0,1,1,931
345,0,11,1,709
345,0,3,1,425
346,0,1,1,364
346,0,1,1,461
346,0,10,1,797
347,0,14,1,855
347,0,10,1,686
348,0,11,1,634
348,0,4,1,690
348,0,8,1,877
349,0,2,1,621
349,0,9,1,803
350,0,12,1,923
351,0,15,1,688
351,0,5,1,860
352,0,3,1,829
352,0,5,1,705
352,0,15,1,692
353,0,8,1,455
353,0,1,1,368
354,0,9,1,408
355,0,9,1,986
356,0,6,1,471
357,0,5,1,597
358,0,9,1,833
358,0,4,1,471
359,0,7,1,920
360,0,11,1,844
360,0,11,1,449
360,0,2,1,457
361,0,14,1,454
361,0,10,1,443
361,0,7,1,475
362,0,7,1,783
362,0,10,1,466
362,0,7,1,711
363,0,1,1,545
363,0,3,1,998
364,0,3,1,591
364,0,7,1,730
365,0,5,1,540
365,0,11,1,549
366,0,14,1,974
367,0,3,1,780
368,0,5,1,466
369,0,1,1,380
369,0,15,1,441
369,0,12,1,713
370,0,12,1,831
370,0,14,1,725
371,0,10,1,646
371,0,3,1,744
372,0,11,1,425
372,0,7,1,430
373,0,6,1,933
374,0,6,1,642
374,0,12,1,580
375,0,4,1,951
376,0,14,1,694
376,0,11,1,829
376,0,6,1,734
377,0,6,1,800
378,0,12,1,518
378,0,1,1,920
379,0,5,1,445
379,0,3,1,523
380,0,4,1,516
381,0,1,1,969
381,0,8,1,878
382,0,2,1,595
382,0,12,1,693
383,0,14,1,805
384,0,6,1,415
384,0,3,1,997
385,0,14,1,664
385,0,4,1,735
385,0,11,1,793
386,0,14,1,483
386,0,15,1,875
387,0,14,1,963
388,0,15,1,660
388,0,5,1,929
388,0,7,1,815
389,0,2,1,743
390,0,3,1,441
391,0,14,1,465
391,0,12,1,692
392,0,3,1,432
392,0,8,1,893
392,0,14,1,692
393,0,3,1,912
394,0,13,1,841
394,0,15,1,594
395,0,1,1,819
396,0,4,1,506
396,0,10,1,722
397,0,7,1,589
397,0,3,1,999
397,0,7,1,416
398,0,2,1,971
399,0,14,1,533
400,0,2,1,728
400,0,4,1,919
400,0,14,1,878
401,0,4,1,695
402,0,10,1,946
402,0,8,1,712
402,0,4,1,958
403,0,9,1,600
404,0,15,1,592
404,0,8,1,958
404,0,3,1,494
405,0,5,1,616
405,0,15,1,544
406,0,12,1,415
407,0,3,1,893
408,0,15,1,568
409,0,13,1,412
409,0,13,1,476
410,0,10,1,799
410,0,9,1,417
411,0,15,1,500
412,0,5,1,849
412,0,8,1,932
412,0,5,1,795
413,0,13,1,414
413,0,10,1,522
413,0,7,1,860
414,0,7,1,602
414,0,15,1,895
415,0,5,1,505
415,0,6,1,824
416,0,12,1,451
416,0,1,1,888
417,0,11,1,920
417,0,6,1,946
418,0,10,1,680
418,0,8,1,982
418,0,15,1,464
419,0,1,1,764
419,0,6,1,984
419,0,10,1,816
420,0,14,1,475
421,0,10,1,534
421,0,7,1,642
422,0,9,1,586
422,0,1,1,833
422,0,7,1,450
423,0,3,1,474
423,0,15,1,450
424,0,6,1,711
424,0,11,1,876
424,0,11,1,988
425,0,6,1,434
425,0,15,1,612
426,0,3,1,500
426,0,10,1,494
427,0,6,1,986
428,0,9,1,866
428,0,14,1,517
428,0,2,1,600
429,0,10,1,703
429,0,7,1,838
430,0,14,1,692
430,0,2,1,451
431,0,1,1,467
431,0,6,1,573
431,0,11,1,825
432,0,15,1,539
433,0,4,1,532
433,0,6,1,934
433,0,12,1,884
434,0,3,1,794
435,0,11,1,704
435,0,11,1,535
435,0,2,1,772
436,0,11,1,623
436,0,11,1,467
437,0,11,1,977
437,0,8,1,475
438,0,12,1,666
439,0,14,1,778
439,0,9,1,639
439,0,12,1,838
440,0,10,1,977
441,0,5,1,663
442,0,5,1,534
443,0,2,1,785
443,0,6,1,777
443,0,7,1,910
444,0,15,1,967
444,0,14,1,832
444,0,7,1,948
445,0,6,1,823
446,0,8,1,469
446,0,4,1,641
447,0,8,1,792
448,0,6,1,814
449,0,9,1,685
449,0,6,1,546
449,0,9,1,664
450,0,5,1,621
450,0,9,1,928
450,0,8,1,504
451,0,3,1,937
452,0,8,1,939
452,0,5,1,633
452,0,2,1,876
453,0,12,1,520
454,0,2,1,656
454,0,13,1,582
455,0,15,1,731
456,0,10,1,770
456,0,13,1,850
456,0,12,1,672
457,0,7,1,574
457,0,6,1,504
457,0,10,1,705
458,0,11,1,593
458,0,9,1,524
458,0,7,1,702
459,0,1,1,838
460,0,7,1,969
460,0,4,1,573
460,0,12,1,885
461,0,3,1,506
461,0,12,1,961
462,0,11,1,537
462,0,11,1,594
462,0,2,1,572
463,0,14,1,735
463,0,4,1,489
463,0,15,1,691
464,0,1,1,759
464,0,6,1,603
465,0,1,1,502
465,0,10,1,781
466,0,4,1,824
466,0,12,1,566
467,0,14,1,610
467,0,9,1,491
467,0,8,1,503
468,0,14,1,954
469,0,14,1,596
469,0,6,1,984
470,0,14,1,847
471,0,1,1,474
471,0,1,1,609
472,0,11,1,994
472,0,5,1,845
473,0,11,1,513
474,0,11,1,982
474,0,4,1,703
475,0,2,1,780
476,0,12,1,558
476,0,14,1,589
477,0,9,1,524
478,0,12,1,856
479,0,2,1,589
479,0,4,1,845
480,0,1,1,782
481,0,10,1,798
482,0,11,1,660
482,0,3,1,557
483,0,2,1,868
483,0,3,1,523
483,0,1,1,823
484,0,6,1,979
484,0,11,1,772
485,0,11,1,731
485,0,5,1,952
485,0,5,1,634
486,0,1,1,966
486,0,1,1,633
486,0,6,1,704
487,0,4,1,751
488,0,9,1,604
489,0,8,1,785
489,0,3,1,811
490,0,1,1,592
491,0,4,1,961
491,0,12,1,985
491,0,6,1,653
492,0,1,1,780
492,0,11,1,742
492,0,4,1,914
493,0,13,1,973
494,0,13,1,869
494,0,5,1,642
494,0,3,1,526
495,0,3,1,591
495,0,15,1,585
496,0,14,1,792
496,0,9,1,976
496,0,4,1,551
497,0,3,1,972
497,0,9,1,998
498,0,11,1,858
498,0,6,1,951
498,0,5,1,854
499,0,6,1,506
499,0,6,1,581
499,0,10,1,548
500,0,4,1,743
501,0,15,1,739
501,0,8,1,851
502,0,5,1,793
503,0,1,1,749
503,0,6,1,558
504,0,11,1,897
504,0,2,1,594
505,0,2,1,840
505,0,14,1,785
505,0,14,1,758
506,0,13,1,965
507,0,14,1,579
508,0,1,1,852
509,0,14,1,710
509,0,14,1,962
510,0,6,1,858
510,0,7,1,671
511,0,9,1,737
511,0,4,1,861
511,0,13,1,661
512,0,3,1,759
512,0,4,1,947
512,0,6,1,804
513,0,6,1,903
513,0,12,1,559
513,0,4,1,837
514,0,7,1,863
515,0,4,1,605
515,0,1,1,755
515,0,3,1,907
516,0,11,1,811
516,0,1,1,773
517,0,2,1,595
518,0,8,1,542
519,0,7,1,533
519,0,14,1,629
520,0,1,1,852
520,0,6,1,877
521,0,6,1,906
522,0,3,1,656
522,0,7,1,989
522,0,5,1,922
523,0,12,1,630
523,0,4,1,695
523,0,2,1,825
524,0,9,1,720
525,0,6,1,566
525,0,4,1,861
525,0,14,1,885
526,0,2,1,813
526,0,6,1,594
526,0,10,1,669
527,0,10,1,697
527,0,4,1,686
527,0,14,1,934
528,0,13,1,652
528,0,1,1,835
528,0,12,1,998
529,0,7,1,710
529,0,12,1,603
530,0,10,1,581
530,0,14,1,774
530,0,9,1,770
531,0,4,1,862
532,0,5,1,638
533,0,8,1,567
534,0,10,1,626
534,0,12,1,744
534,0,11,1,583
535,0,8,1,890
535,0,9,1,564
536,0,10,1,758
536,0,8,1,906
536,0,4,1,950
537,0,9,1,772
537,0,2,1,682
538,0,15,1,766
539,0,5,1,937
539,0,4,1,831
539,0,13,1,948
540,0,13,1,603
540,0,5,1,614
541,0,4,1,779
542,0,4,1,884
542,0,8,1,713
542,0,14,1,993
543,0,11,1,625
544,0,13,1,698
544,0,9,1,982
544,0,13,1,611
545,0,3,1,789
545,0,6,1,662
546,0,4,1,642
547,0,10,1,804
547,0,1,1,921
548,0,4,1,832
548,0,1,1,998
549,0,2,1,655
549,0,1,1,682
549,0,3,1,684
550,0,12,1,565
551,0,12,1,818
551,0,7,1,995
551,0,14,1,816
552,0,8,1,856
552,0,9,1,807
552,0,1,1,932
553,0,5,1,924
554,0,8,1,751
554,0,11,1,559
555,0,11,1,620
555,0,9,1,811
556,0,2,1,806
556,0,9,1,643
557,0,1,1,903
558,0,7,1,576
559,0,4,1,725
560,0,14,1,996
561,0,6,1,901
561,0,2,1,973
562,0,7,1,594
562,0,12,1,824
563,0,7,1,691
563,0,8,1,747
564,0,10,1,841
565,0,9,1,650
566,0,15,1,756
567,0,4,1,801
567,0,9,1,731
568,0,3,1,970
568,0,8,1,867
568,0,6,1,880
569,0,6,1,999
569,0,6,1,980
569,0,14,1,823
570,0,11,1,628
571,0,5,1,688
571,0,13,1,863
571,0,10,1,683
572,0,4,1,602
573,0,9,1,684
574,0,11,1,805
575,0,1,1,897
575,0,14,1,892
576,0,2,1,839
576,0,2,1,862
576,0,10,1,620
577,0,12,1,622
577,0,12,1,988
577,0,12,1,840
578,0,10,1,845
578,0,8,1,747
579,0,8,1,911
580,0,2,1,821
580,0,10,1,697
581,0,2,1,911
582,0,12,1,892
582,0,2,1,775
582,0,15,1,909
583,0,14,1,906
583,0,2,1,969
583,0,1,1,749
584,0,15,1,923
584,0,9,1,593
585,0,11,1,802
585,0,15,1,694
585,0,8,1,887
586,0,6,1,603
586,0,7,1,803
586,0,7,1,854
587,0,5,1,770
587,0,3,1,907
588,0,13,1,788
588,0,9,1,856
589,0,7,1,827
590,0,9,1,738
590,0,15,1,672
590,0,13,1,940
591,0,1,1,806
591,0,5,1,793
591,0,14,1,652
592,0,4,1,847
592,0,4,1,741
592,0,1,1,873
593,0,8,1,692
594,0,10,1,873
594,0,14,1,740
594,0,9,1,751
595,0,7,1,803
595,0,5,1,891
596,0,12,1,990
596,0,14,1,660
597,0,13,1,619
598,0,7,1,965
598,0,5,1,900
599,0,2,1,891
599,0,10,1,640
599,0,13,1,876
600,0,2,1,729
600,0,11,1,753
600,0,1,1,777
601,0,4,1,763
601,0,11,1,807
601,0,13,1,863
602,0,7,1,862
603,0,14,1,986
604,0,11,1,622
604,0,4,1,799
604,0,14,1,627
605,0,1,1,977
605,0,4,1,668
606,0,5,1,707
606,0,13,1,978
607,0,6,1,743
607,0,12,1,997
608,0,11,1,797
609,0,2,1,683
609,0,11,1,704
610,0,7,1,889
610,0,8,1,799
611,0,5,1,913
611,0,7,1,890
612,0,14,1,706
613,0,1,1,835
614,0,11,1,652
615,0,11,1,804
615,0,13,1,863
616,0,14,1,702
616,0,3,1,731
616,0,10,1,645
617,0,5,1,674
618,0,9,1,674
619,0,11,1,653
619,0,2,1,925
620,0,14,1,820
621,0,5,1,682
622,0,12,1,669
622,0,13,1,848
622,0,4,1,701
623,0,2,1,753
623,0,11,1,930
623,0,13,1,979
624,0,8,1,639
624,0,13,1,876
624,0,5,1,697
625,0,10,1,666
625,0,6,1,880
625,0,10,1,956
626,0,15,1,947
626,0,6,1,846
626,0,11,1,801
627,0,14,1,809
628,0,3,1,920
628,0,7,1,728
629,0,8,1,739
629,0,6,1,882
630,0,12,1,969
630,0,3,1,797
631,0,1,1,791
631,0,1,1,915
632,0,3,1,740
632,0,5,1,684
632,0,4,1,951
633,0,7,1,729
634,0,2,1,901
634,0,13,1,790
635,0,5,1,752
636,0,9,1,765
636,0,6,1,862
637,0,10,1,647
637,0,10,1,698
637,0,9,1,668
638,0,3,1,860
638,0,5,1,927
639,0,3,1,926
639,0,14,1,910
639,0,10,1,677
640,0,4,1,716
640,0,11,1,982
641,0,1,1,837
641,0,9,1,835
642,0,15,1,829
642,0,11,1,944
642,0,5,1,809
643,0,6,1,679
643,0,8,1,685
644,0,3,1,962
644,0,5,1,891
644,0,12,1,829
645,0,2,1,978
645,0,2,1,723
645,0,13,1,937
646,0,1,1,972
647,0,9,1,899
648,0,12,1,737
649,0,9,1,935
649,0,1,1,915
649,0,9,1,766
650,0,3,1,754
651,0,15,1,787
651,0,3,1,954
651,0,6,1,810
652,0,3,1,981
652,0,6,1,845
652,0,12,1,900
653,0,9,1,835
653,0,2,1,895
653,0,3,1,823
654,0,6,1,996
654,0,12,1,831
655,0,13,1,819
655,0,10,1,701
655,0,7,1,892
656,0,11,1,912
656,0,9,1,858
657,0,14,1,817
657,0,8,1,952
657,0,4,1,816
658,0,14,1,996
659,0,10,1,788
659,0,4,1,766
660,0,3,1,759
660,0,13,1,976
660,0,6,1,998
661,0,8,1,716
662,0,11,1,683
663,0,6,1,675
663,0,3,1,988
664,0,14,1,693
664,0,2,1,781
664,0,4,1,790
665,0,7,1,952
665,0,1,1,741
666,0,2,1,975
667,0,10,1,816
667,0,8,1,799
667,0,2,1,692
668,0,6,1,719
668,0,14,1,876
668,0,3,1,711
669,0,7,1,986
669,0,8,1,894
670,0,8,1,726
671,0,1,1,692
672,0,4,1,924
672,0,11,1,674
672,0,1,1,846
673,0,3,1,944
673,0,4,1,924
673,0,10,1,997
674,0,13,1,743
675,0,4,1,816
675,0,4,1,836
676,0,10,1,692
676,0,5,1,937
677,0,12,1,871
677,0,14,1,732
678,0,15,1,764
678,0,7,1,769
678,0,4,1,904
679,0,5,1,749
679,0,15,1,973
679,0,9,1,792
680,0,1,1,763
681,0,7,1,858
681,0,12,1,892
681,0,6,1,833
682,0,8,1,695
682,0,3,1,876
683,0,13,1,804
683,0,4,1,789
684,0,5,1,883
685,0,13,1,745
685,0,11,1,711
686,0,3,1,896
686,0,4,1,742
687,0,11,1,798
687,0,4,1,917
688,0,13,1,756
688,0,6,1,795
689,0,12,1,916
689,0,9,1,807
690,0,5,1,941
690,0,7,1,986
691,0,4,1,810
691,0,7,1,976
691,0,2,1,693
692,0,6,1,758
693,0,8,1,913
694,0,4,1,956
694,0,8,1,941
695,0,8,1,989
695,0,1,1,867
696,0,11,1,902
696,0,8,1,804
696,0,9,1,744
697,0,13,1,767
698,0,1,1,881
698,0,5,1,820
698,0,4,1,882
699,0,12,1,901
700,0,7,1,850
700,0,3,1,974
701,0,11,1,930
701,0,10,1,903
702,0,11,1,796
703,0,14,1,805
704,0,6,1,837
704,0,1,1,793
704,0,11,1,859
705,0,9,1,791
705,0,15,1,745
706,0,15,1,937
706,0,4,1,941
706,0,6,1,746
707,0,6,1,916
707,0,11,1,867
707,0,4,1,830
708,0,3,1,879
709,0,2,1,799
709,0,8,1,982
710,0,3,1,784
710,0,13,1,736
711,0,2,1,799
711,0,8,1,951
711,0,3,1,939
712,0,10,1,967
713,0,8,1,793
714,0,4,1,859
714,0,8,1,738
715,0,1,1,805
715,0,10,1,737
715,0,12,1,836
716,0,9,1,859
716,0,11,1,934
716,0,6,1,936
717,0,6,1,894
717,0,7,1,944
718,0,7,1,798
718,0,9,1,829
719,0,10,1,789
720,0,8,1,796
720,0,2,1,770
721,0,15,1,762
721,0,13,1,787
721,0,10,1,841
722,0,9,1,813
722,0,15,1,851
723,0,14,1,777
723,0,15,1,806
723,0,12,1,811
724,0,9,1,775
724,0,13,1,906
724,0,13,1,793
725,0,3,1,739
726,0,1,1,851
727,0,2,1,953
728,0,14,1,777
729,0,11,1,924
729,0,1,1,886
730,0,3,1,930
731,0,9,1,787
731,0,8,1,770
732,0,7,1,979
732,0,3,1,894
732,0,15,1,748
733,0,1,1,909
733,0,11,1,895
733,0,4,1,858
734,0,9,1,758
734,0,7,1,922
734,0,11,1,995
735,0,11,1,770
736,0,8,1,843
736,0,14,1,764
736,0,4,1,962
737,0,8,1,868
737,0,11,1,834
737,0,11,1,958
738,0,9,1,748
738,0,5,1,783
738,0,12,1,790
739,0,10,1,791
739,0,9,1,768
739,0,13,1,790
740,0,3,1,842
741,0,15,1,826
741,0,2,1,804
742,0,5,1,969
742,0,1,1,745
742,0,5,1,845
743,0,3,1,956
744,0,6,1,943
745,0,6,1,951
746,0,10,1,779
746,0,3,1,763
747,0,11,1,959
747,0,10,1,961
747,0,1,1,888
748,0,5,1,921
749,0,12,1,760
750,0,14,1,969
750,0,2,1,939
751,0,2,1,951
752,0,2,1,850
753,0,5,1,935
754,0,10,1,961
755,0,13,1,979
755,0,14,1,909
756,0,7,1,846
756,0,7,1,774
756,0,1,1,998
757,0,3,1,832
757,0,12,1,807
757,0,8,1,814
758,0,2,1,878
758,0,4,1,830
759,0,6,1,851
760,0,11,1,778
760,0,2,1,940
761,0,13,1,772
761,0,7,1,896
762,0,3,1,972
762,0,2,1,816
763,0,5,1,999
763,0,12,1,886
764,0,7,1,874
765,0,9,1,881
765,0,9,1,971
765,0,6,1,893
766,0,4,1,798
766,0,6,1,785
767,0,4,1,972
767,0,8,1,943
767,0,12,1,969
768,0,10,1,835
768,0,12,1,819
768,0,14,1,997
769,0,5,1,842
770,0,13,1,842
770,0,10,1,823
771,0,9,1,924
771,0,9,1,972
772,0,8,1,849
773,0,13,1,848
773,0,5,1,924
774,0,8,1,778
775,0,12,1,971
776,0,5,1,939
777,0,8,1,878
778,0,14,1,847
778,0,10,1,956
779,0,10,1,997
779,0,15,1,822
779,0,10,1,973
780,0,14,1,887
781,0,13,1,840
781,0,12,1,978
782,0,4,1,810
782,0,10,1,944
782,0,4,1,855
783,0,2,1,899
783,0,9,1,865
783,0,3,1,906
784,0,7,1,856
785,0,14,1,857
786,0,11,1,940
786,0,14,1,825
787,0,4,1,826
788,0,13,1,882
789,0,9,1,969
789,0,14,1,897
790,0,15,1,900
790,0,10,1,844
791,0,9,1,991
791,0,7,1,992
791,0,4,1,963
792,0,15,1,807
792,0,12,1,923
792,0,3,1,841
793,0,2,1,880
793,0,2,1,928
794,0,2,1,956
794,0,8,1,925
795,0,11,1,866
795,0,7,1,837
795,0,6,1,990
796,0,10,1,936
797,0,8,1,941
798,0,12,1,907
799,0,7,1,875
799,0,3,1,841
800,0,12,1,952
800,0,15,1,955
801,0,12,1,860
802,0,3,1,905
802,0,6,1,897
803,0,4,1,988
803,0,3,1,937
804,0,7,1,978
805,0,7,1,860
806,0,3,1,810
806,0,10,1,891
807,0,4,1,988
807,0,9,1,980
808,0,7,1,962
809,0,7,1,995
809,0,14,1,834
810,0,4,1,978
810,0,13,1,901
811,0,15,1,943
811,0,6,1,955
812,0,6,1,831
812,0,12,1,934
813,0,1,1,867
813,0,14,1,852
814,0,10,1,922
814,0,6,1,876
814,0,3,1,871
815,0,13,1,955
815,0,4,1,830
815,0,4,1,918
816,0,1,1,968
816,0,10,1,912
817,0,9,1,893
817,0,6,1,982
817,0,4,1,941
818,0,14,1,962
819,0,7,1,856
819,0,2,1,971
820,0,10,1,911
820,0,10,1,929
820,0,4,1,827
821,0,13,1,891
821,0,11,1,945
822,0,11,1,893
822,0,1,1,989
823,0,10,1,826
823,0,12,1,997
823,0,1,1,862
824,0,10,1,831
824,0,6,1,920
825,0,11,1,877
825,0,6,1,838
826,0,10,1,953
826,0,2,1,995
826,0,15,1,928
827,0,15,1,913
827,0,15,1,883
828,0,3,1,860
828,0,8,1,853
828,0,9,1,867
829,0,11,1,970
829,0,14,1,862
829,0,9,1,945
830,0,3,1,834
830,0,2,1,872
830,0,11,1,942
831,0,11,1,943
832,0,8,1,916
833,0,2,1,992
834,0,11,1,929
834,0,5,1,859
835,0,2,1,886
836,0,13,1,911
836,0,4,1,891
836,0,2,1,855
837,0,12,1,918
837,0,8,1,842
837,0,2,1,937
838,0,13,1,847
838,0,9,1,895
839,0,1,1,983
839,0,7,1,960
840,0,8,1,909
841,0,6,1,927
841,0,2,1,995
841,0,1,1,996
842,0,11,1,929
842,0,15,1,935
843,0,2,1,936
844,0,6,1,888
844,0,10,1,937
845,0,11,1,985
846,0,5,1,997
846,0,14,1,905
846,0,8,1,927
847,0,3,1,985
847,0,6,1,941
848,0,11,1,988
848,0,2,1,968
848,0,11,1,877
849,0,2,1,869
849,0,9,1,916
850,0,4,1,895
850,0,11,1,911
851,0,5,1,908
852,0,5,1,893
852,0,8,1,940
852,0,9,1,890
853,0,13,1,889
853,0,6,1,940
854,0,6,1,923
855,0,12,1,963
856,0,12,1,924
856,0,3,1,903
857,0,4,1,980
858,0,2,1,882
859,0,2,1,867
859,0,9,1,940
859,0,6,1,967
860,0,12,1,948
861,0,5,1,906
861,0,3,1,930
861,0,7,1,914
862,0,2,1,949
862,0,10,1,953
863,0,3,1,871
863,0,11,1,955
864,0,12,1,872
864,0,1,1,870
864,0,1,1,893
865,0,5,1,889
865,0,11,1,957
866,0,1,1,937
867,0,3,1,894
867,0,5,1,909
868,0,11,1,983
868,0,15,1,927
869,0,13,1,929
870,0,5,1,972
871,0,11,1,932
872,0,4,1,996
873,0,14,1,941
873,0,2,1,957
874,0,15,1,994
875,0,12,1,904
875,0,11,1,905
876,0,1,1,957
876,0,4,1,938
876,0,9,1,970
877,0,5,1,921
877,0,11,1,955
877,0,12,1,988
878,0,12,1,988
878,0,1,1,949
879,0,15,1,963
879,0,8,1,905
880,0,10,1,975
881,0,13,1,977
882,0,6,1,924
882,0,3,1,889
883,0,15,1,911
883,0,8,1,953
883,0,12,1,908
884,0,3,1,890
884,0,2,1,919
885,0,6,1,905
885,0,3,1,914
886,0,5,1,988
886,0,14,1,952
886,0,14,1,959
887,0,6,1,950
887,0,2,1,954
888,0,12,1,893
888,0,13,1,945
889,0,6,1,914
889,0,15,1,918
890,0,12,1,987
890,0,11,1,943
891,0,13,1,964
892,0,5,1,960
893,0,6,1,966
893,0,13,1,905
893,0,6,1,964
894,0,8,1,935
894,0,8,1,919
894,0,7,1,929
895,0,8,1,999
896,0,14,1,897
896,0,3,1,979
897,0,12,1,918
897,0,1,1,978
897,0,12,1,966
898,0,5,1,956
898,0,8,1,940
899,0,7,1,949
899,0,5,1,953
900,0,9,1,946
900,0,7,1,992
900,0,11,1,911
901,0,12,1,921
901,0,15,1,958
901,0,3,1,936
902,0,14,1,986
902,0,15,1,907
903,0,4,1,956
904,0,7,1,980
905,0,1,1,987
906,0,11,1,945
907,0,11,1,986
907,0,1,1,977
908,0,14,1,943
908,0,2,1,914
908,0,2,1,917
909,0,14,1,991
909,0,10,1,937
909,0,10,1,972
910,0,3,1,941
910,0,13,1,999
910,0,10,1,953
911,0,9,1,935
911,0,11,1,958
911,0,12,1,993
912,0,2,1,969
912,0,15,1,995
912,0,9,1,989
913,0,4,1,946
913,0,4,1,924
913,0,5,1,977
914,0,3,1,917
915,0,11,1,974
916,0,15,1,938
917,0,13,1,963
917,0,15,1,924
917,0,11,1,962
918,0,12,1,999
918,0,8,1,927
919,0,10,1,979
919,0,10,1,926
919,0,12,1,968
920,0,1,1,931
920,0,8,1,972
920,0,7,1,996
921,0,1,1,990
922,0,3,1,978
923,0,5,1,929
924,0,15,1,984
924,0,5,1,993
924,0,6,1,952
925,0,3,1,957
925,0,9,1,955
925,0,13,1,965
926,0,1,1,979
926,0,3,1,974
926,0,7,1,942
927,0,1,1,958
927,0,13,1,928
927,0,3,1,938
928,0,9,1,975
929,0,4,1,993
930,0,1,1,971
930,0,8,1,988
930,0,2,1,937
931,0,15,1,986
931,0,1,1,941
932,0,15,1,936
932,0,13,1,955
933,0,1,1,949
933,0,11,1,991
934,0,10,1,978
934,0,2,1,993
934,0,3,1,988
935,0,6,1,946
935,0,13,1,947
935,0,2,1,964
936,0,4,1,993
936,0,1,1,939
937,0,15,1,966
937,0,10,1,998
938,0,6,1,948
938,0,8,1,981
938,0,2,1,951
939,0,12,1,954
939,0,5,1,970
939,0,11,1,945
940,0,8,1,960
940,0,7,1,941
940,0,2,1,991
941,0,15,1,993
941,0,12,1,950
941,0,13,1,974
942,0,11,1,949
942,0,3,1,969
943,0,7,1,993
944,0,13,1,996
944,0,11,1,961
944,0,13,1,967
945,0,12,1,974
946,0,3,1,990
946,0,13,1,976
946,0,15,1,961
947,0,10,1,984
947,0,9,1,981
948,0,11,1,960
949,0,4,1,963
950,0,9,1,977
950,0,1,1,957
951,0,6,1,976
951,0,13,1,996
952,0,13,1,995
952,0,6,1,954
953,0,1,1,982
954,0,1,1,967
954,0,5,1,986
954,0,5,1,979
955,0,14,1,982
955,0,11,1,962
956,0,15,1,973
956,0,12,1,984
956,0,8,1,988
957,0,7,1,978
957,0,7,1,999
957,0,3,1,992
958,0,13,1,994
958,0,3,1,991
959,0,4,1,993
959,0,10,1,964
959,0,13,1,963
960,0,15,1,981
960,0,14,1,968
961,0,11,1,989
962,0,10,1,978
963,0,1,1,980
964,0,8,1,994
964,0,8,1,999
965,0,10,1,979
966,0,13,1,987
966,0,6,1,994
966,0,8,1,976
967,0,7,1,990
968,0,5,1,977
968,0,11,1,978
968,0,10,1,975
969,0,8,1,986
969,0,9,1,974
969,0,7,1,976
970,0,10,1,986
971,0,15,1,974
971,0,6,1,992
971,0,1,1,996
972,0,9,1,994
972,0,4,1,983
973,0,13,1,985
974,0,14,1,981
975,0,15,1,990
975,0,11,1,988
976,0,2,1,979
977,0,2,1,985
978,0,14,1,980
978,0,9,1,986
979,0,5,1,999
979,0,3,1,997
979,0,14,1,983
980,0,1,1,981
981,0,11,1,994
982,0,3,1,985
982,0,14,1,989
982,0,5,1,998
983,0,12,1,994
983,0,5,1,995
983,0,9,1,992
984,0,2,1,991
985,0,6,1,998
985,0,2,1,995
986,0,8,1,999
987,0,9,1,996
987,0,12,1,992
987,0,9,1,994
988,0,5,1,990
988,0,12,1,998
988,0,13,1,991
989,0,14,1,992
990,0,11,1,991
991,0,6,1,999
991,0,7,1,995
991,0,3,1,993
992,0,15,1,996
992,0,5,1,995
992,0,1,1,994
993,0,1,1,997
994,0,6,1,995
994,0,14,1,999
995,0,7,1,996
995,0,15,1,997
996,0,1,1,998
996,0,1,1,997
997,0,7,1,998
997,0,4,1,999
998,0,14,1,999
